# Created by Octave 4.2.2, Fri May 10 09:08:58 2019 -03 <fede@Fede-Ros>
# name: R
# type: matrix
# rows: 30
# columns: 30
 0 0.03448275862068965 0.06896551724137931 0.103448275862069 0.1379310344827586 0.1724137931034483 0.2068965517241379 0.2413793103448276 0.2758620689655172 0.3103448275862069 0.3448275862068966 0.3793103448275862 0.4137931034482759 0.4482758620689655 0.4827586206896551 0.5172413793103449 0.5517241379310345 0.5862068965517241 0.6206896551724138 0.6551724137931034 0.6896551724137931 0.7241379310344828 0.7586206896551724 0.7931034482758621 0.8275862068965517 0.8620689655172413 0.896551724137931 0.9310344827586207 0.9655172413793103 1
 0 0.03448275862068965 0.06896551724137931 0.103448275862069 0.1379310344827586 0.1724137931034483 0.2068965517241379 0.2413793103448276 0.2758620689655172 0.3103448275862069 0.3448275862068966 0.3793103448275862 0.4137931034482759 0.4482758620689655 0.4827586206896551 0.5172413793103449 0.5517241379310345 0.5862068965517241 0.6206896551724138 0.6551724137931034 0.6896551724137931 0.7241379310344828 0.7586206896551724 0.7931034482758621 0.8275862068965517 0.8620689655172413 0.896551724137931 0.9310344827586207 0.9655172413793103 1
 0 0.03448275862068965 0.06896551724137931 0.103448275862069 0.1379310344827586 0.1724137931034483 0.2068965517241379 0.2413793103448276 0.2758620689655172 0.3103448275862069 0.3448275862068966 0.3793103448275862 0.4137931034482759 0.4482758620689655 0.4827586206896551 0.5172413793103449 0.5517241379310345 0.5862068965517241 0.6206896551724138 0.6551724137931034 0.6896551724137931 0.7241379310344828 0.7586206896551724 0.7931034482758621 0.8275862068965517 0.8620689655172413 0.896551724137931 0.9310344827586207 0.9655172413793103 1
 0 0.03448275862068965 0.06896551724137931 0.103448275862069 0.1379310344827586 0.1724137931034483 0.2068965517241379 0.2413793103448276 0.2758620689655172 0.3103448275862069 0.3448275862068966 0.3793103448275862 0.4137931034482759 0.4482758620689655 0.4827586206896551 0.5172413793103449 0.5517241379310345 0.5862068965517241 0.6206896551724138 0.6551724137931034 0.6896551724137931 0.7241379310344828 0.7586206896551724 0.7931034482758621 0.8275862068965517 0.8620689655172413 0.896551724137931 0.9310344827586207 0.9655172413793103 1
 0 0.03448275862068965 0.06896551724137931 0.103448275862069 0.1379310344827586 0.1724137931034483 0.2068965517241379 0.2413793103448276 0.2758620689655172 0.3103448275862069 0.3448275862068966 0.3793103448275862 0.4137931034482759 0.4482758620689655 0.4827586206896551 0.5172413793103449 0.5517241379310345 0.5862068965517241 0.6206896551724138 0.6551724137931034 0.6896551724137931 0.7241379310344828 0.7586206896551724 0.7931034482758621 0.8275862068965517 0.8620689655172413 0.896551724137931 0.9310344827586207 0.9655172413793103 1
 0 0.03448275862068965 0.06896551724137931 0.103448275862069 0.1379310344827586 0.1724137931034483 0.2068965517241379 0.2413793103448276 0.2758620689655172 0.3103448275862069 0.3448275862068966 0.3793103448275862 0.4137931034482759 0.4482758620689655 0.4827586206896551 0.5172413793103449 0.5517241379310345 0.5862068965517241 0.6206896551724138 0.6551724137931034 0.6896551724137931 0.7241379310344828 0.7586206896551724 0.7931034482758621 0.8275862068965517 0.8620689655172413 0.896551724137931 0.9310344827586207 0.9655172413793103 1
 0 0.03448275862068965 0.06896551724137931 0.103448275862069 0.1379310344827586 0.1724137931034483 0.2068965517241379 0.2413793103448276 0.2758620689655172 0.3103448275862069 0.3448275862068966 0.3793103448275862 0.4137931034482759 0.4482758620689655 0.4827586206896551 0.5172413793103449 0.5517241379310345 0.5862068965517241 0.6206896551724138 0.6551724137931034 0.6896551724137931 0.7241379310344828 0.7586206896551724 0.7931034482758621 0.8275862068965517 0.8620689655172413 0.896551724137931 0.9310344827586207 0.9655172413793103 1
 0 0.03448275862068965 0.06896551724137931 0.103448275862069 0.1379310344827586 0.1724137931034483 0.2068965517241379 0.2413793103448276 0.2758620689655172 0.3103448275862069 0.3448275862068966 0.3793103448275862 0.4137931034482759 0.4482758620689655 0.4827586206896551 0.5172413793103449 0.5517241379310345 0.5862068965517241 0.6206896551724138 0.6551724137931034 0.6896551724137931 0.7241379310344828 0.7586206896551724 0.7931034482758621 0.8275862068965517 0.8620689655172413 0.896551724137931 0.9310344827586207 0.9655172413793103 1
 0 0.03448275862068965 0.06896551724137931 0.103448275862069 0.1379310344827586 0.1724137931034483 0.2068965517241379 0.2413793103448276 0.2758620689655172 0.3103448275862069 0.3448275862068966 0.3793103448275862 0.4137931034482759 0.4482758620689655 0.4827586206896551 0.5172413793103449 0.5517241379310345 0.5862068965517241 0.6206896551724138 0.6551724137931034 0.6896551724137931 0.7241379310344828 0.7586206896551724 0.7931034482758621 0.8275862068965517 0.8620689655172413 0.896551724137931 0.9310344827586207 0.9655172413793103 1
 0 0.03448275862068965 0.06896551724137931 0.103448275862069 0.1379310344827586 0.1724137931034483 0.2068965517241379 0.2413793103448276 0.2758620689655172 0.3103448275862069 0.3448275862068966 0.3793103448275862 0.4137931034482759 0.4482758620689655 0.4827586206896551 0.5172413793103449 0.5517241379310345 0.5862068965517241 0.6206896551724138 0.6551724137931034 0.6896551724137931 0.7241379310344828 0.7586206896551724 0.7931034482758621 0.8275862068965517 0.8620689655172413 0.896551724137931 0.9310344827586207 0.9655172413793103 1
 0 0.03448275862068965 0.06896551724137931 0.103448275862069 0.1379310344827586 0.1724137931034483 0.2068965517241379 0.2413793103448276 0.2758620689655172 0.3103448275862069 0.3448275862068966 0.3793103448275862 0.4137931034482759 0.4482758620689655 0.4827586206896551 0.5172413793103449 0.5517241379310345 0.5862068965517241 0.6206896551724138 0.6551724137931034 0.6896551724137931 0.7241379310344828 0.7586206896551724 0.7931034482758621 0.8275862068965517 0.8620689655172413 0.896551724137931 0.9310344827586207 0.9655172413793103 1
 0 0.03448275862068965 0.06896551724137931 0.103448275862069 0.1379310344827586 0.1724137931034483 0.2068965517241379 0.2413793103448276 0.2758620689655172 0.3103448275862069 0.3448275862068966 0.3793103448275862 0.4137931034482759 0.4482758620689655 0.4827586206896551 0.5172413793103449 0.5517241379310345 0.5862068965517241 0.6206896551724138 0.6551724137931034 0.6896551724137931 0.7241379310344828 0.7586206896551724 0.7931034482758621 0.8275862068965517 0.8620689655172413 0.896551724137931 0.9310344827586207 0.9655172413793103 1
 0 0.03448275862068965 0.06896551724137931 0.103448275862069 0.1379310344827586 0.1724137931034483 0.2068965517241379 0.2413793103448276 0.2758620689655172 0.3103448275862069 0.3448275862068966 0.3793103448275862 0.4137931034482759 0.4482758620689655 0.4827586206896551 0.5172413793103449 0.5517241379310345 0.5862068965517241 0.6206896551724138 0.6551724137931034 0.6896551724137931 0.7241379310344828 0.7586206896551724 0.7931034482758621 0.8275862068965517 0.8620689655172413 0.896551724137931 0.9310344827586207 0.9655172413793103 1
 0 0.03448275862068965 0.06896551724137931 0.103448275862069 0.1379310344827586 0.1724137931034483 0.2068965517241379 0.2413793103448276 0.2758620689655172 0.3103448275862069 0.3448275862068966 0.3793103448275862 0.4137931034482759 0.4482758620689655 0.4827586206896551 0.5172413793103449 0.5517241379310345 0.5862068965517241 0.6206896551724138 0.6551724137931034 0.6896551724137931 0.7241379310344828 0.7586206896551724 0.7931034482758621 0.8275862068965517 0.8620689655172413 0.896551724137931 0.9310344827586207 0.9655172413793103 1
